-0.249452 -0.206556 -0.946102 
0.57567 -0.817248 0.0266419 
-0.778703 -0.537996 0.322772 
-0.798443 -0.590921 0.115327 
-0.428035 0.422425 -0.798964 
-0.423408 0.687292 0.590217 
-0.533687 -0.837988 0.113814 
-0.824951 0.545485 0.147993 
-0.1861 -0.0149093 -0.982418 
0.239942 -0.97048 -0.0244255 
0.961815 0.241062 -0.129618 
-0.13168 -0.00760819 -0.991263 
-0.610213 -0.600493 0.516767 
-0.00802619 -0.647568 -0.761965 
-0.792197 0.469109 -0.390335 
0.878585 -0.152865 -0.452461 
-0.0782613 -0.980667 0.179353 
0.471131 0.122167 0.873562 
