0.173041 -0.247838 -0.0569577 -0.0494074 0.427998 -0.11211 -0.678861 0.0522624 0.0419998 -0.491781 
0.416898 -0.138882 0.0589763 0.51713 -0.00299045 -0.114809 0.224573 -0.124926 -0.646497 -0.197024 
-0.12045 0.227361 0.218701 0.0245634 -0.120486 -0.218888 0.0792874 -0.765274 0.252555 -0.408928 
-0.719598 -0.162714 -0.400877 -0.129893 0.0054142 -0.0310553 0.0881309 -0.0423333 -0.444793 -0.264073 
-0.0755664 -0.176649 0.305287 0.0792402 -0.346672 0.791655 -0.0969079 0.0406734 -0.000991696 -0.325054 
0.147698 -0.235166 0.14814 -0.408583 -0.695886 -0.410872 -0.193 0.116992 -0.164915 -0.0528214 
0.0658464 -0.575781 -0.0487133 -0.158471 0.107502 0.176435 -0.126024 -0.571827 -0.0808729 0.49453 
0.406589 0.0313994 -0.178764 -0.648456 0.202703 0.205108 0.454618 -0.0338307 -0.0629311 -0.293782 
-0.150061 0.367207 0.606408 -0.305978 0.280277 0.0361544 -0.187939 -0.0303103 -0.484988 0.173123 
0.210308 0.535967 -0.517242 -0.0144769 -0.258115 0.235233 -0.412481 -0.22324 -0.213872 0.114396 
