   3.8146168204805025e-01  -4.7908242378066107e-01  -1.3766405357409819e-01   8.9260136323950495e-02  -1.3025820695304158e-01  -1.0354742162939674e-01   4.2721418786179322e-01   3.7706772079489353e-01   2.3708013982849213e-01  -4.3526998827031749e-01
   5.0722107381251595e-02   1.4767001620315739e-01   1.6947520072148928e-01   6.2188593881027843e-01  -4.3301150068652755e-01   1.8137454821955171e-01  -4.4714070059296962e-01   2.5924587426347701e-01   2.6822909955751484e-01  -2.5905671586499840e-02
   1.5477802759342713e-01  -2.9427075697126603e-01  -4.1781420640574204e-02   3.5103812668066697e-01   7.0219478795070356e-01  -1.2795704578372094e-01  -4.0523778697162854e-01  -2.2525069677292425e-01   9.0276672730390001e-02  -1.7865913482152401e-01
  -2.6778718217063319e-01  -4.1798950502408816e-01   4.4709144244639448e-01   3.0336546031840522e-02  -4.0741041906375106e-02   2.6728052796555823e-01  -8.2192465534033032e-02   1.4704154431599697e-01  -6.2216911153630716e-01  -2.5336495653592545e-01
   2.4377445525838229e-01  -4.7573490748105751e-01   3.3423740025735238e-01  -3.5225385667092346e-01  -3.1072378263693223e-01   3.2507271119899026e-02  -2.4295783351116285e-01  -4.1726807789863180e-01   3.1700017026817684e-01   2.1729389332783908e-01
  -3.3797366144196372e-02   1.3904885321549090e-01  -2.5150887513934000e-02  -1.2865395306331875e-01   1.8775920447390726e-01   8.3720003636872853e-01   1.2564641818723463e-01  -1.5562139714881695e-01   3.1209877109602391e-01  -2.9794402720253527e-01
   6.7008853858027617e-01   1.6298019853363341e-01  -2.5211839982039663e-01   9.3745601546226756e-02  -2.0417070372892765e-01   1.6506108243067402e-01  -6.1426208850179576e-02  -3.1686993058285462e-01  -5.2050231230569999e-01  -8.9630651346535778e-02
  -3.7971339478042976e-01  -3.9807341132642904e-01  -7.4827162669653435e-01   2.7542657649556636e-02  -2.3381727852421799e-01   1.4966609073127629e-01  -2.1143614623437645e-01  -7.6799222432746006e-02  -4.9177824655618069e-02   8.1203388598962575e-02
  -2.7694091770792900e-01   1.9249946598898091e-01   3.0508964564783442e-02  -3.4550869580761270e-02  -2.6325330435965760e-01  -3.4002484750728956e-01  -5.6408642382713869e-02  -4.3772895357871855e-01   7.2968851644268640e-02  -7.0646365791873222e-01
   1.6056964091394169e-01   1.4008489111452077e-01  -1.1806015854213853e-01  -5.7425361748801174e-01   5.7751197901302675e-02  -3.6697389485086593e-02  -5.6577740933273435e-01   4.7117983838619121e-01  -6.4464507209782418e-03  -2.5308145422230061e-01
