  -6.5254298200254812e-01   6.1903532499248548e-01  -2.9561400906511504e-01  -2.2719483594648546e-01  -1.2981151649168385e-01  -1.5773956420793689e-01   8.9666457212908043e-02   4.6956508972397705e-02
   1.3340713125706372e-01   1.6260869446707515e-01  -1.9555410114397009e-01  -1.4031519154963482e-01  -2.9534552059125618e-01   9.0030577499697606e-01   4.8616711550536484e-04   7.1755818542582339e-03
  -1.1619716079366847e-01  -5.8291234298217920e-02   2.9978914589346950e-01  -3.7729865051170375e-01  -2.0863079223364317e-01  -2.8153221618354485e-02  -3.6616901730588575e-01  -7.5661971132379668e-01
   7.0559938532240740e-02   5.2449962536749228e-01   7.4867204320853176e-01   1.0373398689063257e-02   2.3979571426415094e-01   1.3585167487171076e-01  -1.5455360597787993e-01   2.4384323471364627e-01
  -9.4916314057301179e-02  -8.2074638289366383e-02  -3.2780325297417834e-01  -2.0313929981856704e-01   6.3115021179599251e-01   1.3245282604938130e-01  -6.3633604969414426e-01   1.2131030527235395e-01
  -8.7545735455539203e-02   1.9007879707975148e-01  -1.0901697990869201e-01   8.1131780798603592e-01  -2.1714123297017185e-01   1.1756579973654618e-02  -4.5912341887870312e-01  -1.6733697035990747e-01
   4.3107239319634050e-01   1.3178926059134571e-01  -1.1875511600851779e-01  -2.9439525640415409e-01  -5.0914087483718418e-01  -3.2919863819365508e-01  -4.2672578807468464e-01   3.8255165143914283e-01
  -5.7914845956810079e-01  -5.0161872904795179e-01   3.0090719291101869e-01  -7.8451757158101293e-03  -3.0027631653097719e-01   1.3880111039880702e-01  -1.9021131308552386e-01   4.2041297408326794e-01
