   3.5919386582685903e-01   2.2792781460337064e-01  -7.4995875281132385e-02   3.4870862744600101e-01   5.7136321472724494e-01  -4.8963085717854649e-01   1.9469969152585742e-01  -1.6474715919843533e-01  -1.4127526377725708e-01  -2.0150432743151919e-01
  -4.2368573900720735e-01  -1.9288353415672932e-01  -4.0383077374889492e-01   3.5672405567395554e-01   1.4866954024165763e-01   1.0006925177633472e-01   2.9610249393401278e-01   1.3065761253104846e-01  -4.0649594473280432e-01   4.3686548505553197e-01
  -2.4028681178523822e-01  -1.1459180385717949e-01  -2.0031234915813667e-01  -4.9120218088456891e-01   1.7044121017142419e-01  -5.4591393726712056e-01  -2.0826834239531367e-01  -2.9920769893801474e-01   1.7759425817763363e-01   3.9523846438208710e-01
  -2.8126495231353205e-01   3.3084331133188527e-01   4.7877843575644435e-01  -1.4188780436757292e-01   1.9560729719515585e-01   1.3361070897289357e-01  -2.7969018259184031e-01  -2.4293650008259332e-01  -6.0634214009267051e-01   3.2591746537314815e-02
  -7.0726894593558776e-01  -1.0616513029167791e-01   5.8282120817859384e-02   2.2814731721074605e-01   6.8853181861430413e-02  -1.6479549319486755e-01  -3.1875691317258849e-02  -5.3983713417554487e-02   2.5401427098995877e-01  -5.7680129434683114e-01
   1.9075492227099408e-01  -4.4496265932302564e-01  -3.2888458636169149e-01   1.2918595711309414e-01   1.3109070886733920e-01   3.3785698730286873e-01  -4.3614592805288199e-01  -5.2262355911591796e-01  -1.0397604813292437e-01  -1.8778955580620205e-01
   1.0660898378853041e-01  -3.8121280979654970e-01   1.2531354306506587e-01   7.6417535938557657e-02  -5.6451464898120518e-01  -5.0619069504340664e-01   1.9953887995221520e-02  -3.5210664995050447e-02  -4.7301905132295752e-01  -1.4655174579398295e-01
  -1.5361361546925948e-02   1.6234376683345181e-01   2.6260324492685960e-01   6.3048046684135328e-01  -2.4840031380523533e-01  -9.6185876493801947e-02  -2.5983980987287142e-01  -2.8064862753732861e-01   3.1014443285753041e-01   4.3990687619750579e-01
   7.2413715215480803e-02  -6.3751197991609221e-01   5.8431900432036854e-01   2.4223423864624644e-02   4.0741604874744486e-01   2.4252547912135602e-02   7.1164302511440319e-02   1.8292625612818303e-01   1.1396969038587101e-01   1.6801121963014135e-01
  -3.4065242354447148e-02  -2.9887168085887497e-02   1.5584599195562640e-01  -1.3063792220262632e-01  -1.2584175629143002e-01   1.6431705018179993e-01   6.9899532893757554e-01  -6.4631918394952481e-01   8.5743130599988615e-02   8.9996695112444861e-03
