   2.1524037745984251e-01  -2.9718890831790590e-01  -1.9609561790247676e-01   1.3243823684136954e-01  -9.7126262996683269e-03   1.4635107690243032e-01  -9.8434031194686897e-02  -1.8672428865701018e-01  -1.7502017632514627e-01   1.7351518589401344e-01   1.5960775422281234e-01  -2.5043885486810824e-01   7.3588288576762206e-01   1.1195526054523669e-01   1.0716844421278909e-01  -1.6974171260143944e-01
  -4.3449331327234597e-01  -3.7399740055105857e-01  -2.0094502492747357e-01  -2.1794925369639007e-01  -1.8562821842566779e-01   1.5707012836425890e-01   1.9812967771796733e-01  -3.0781209032031703e-01  -1.5046561788216653e-01   2.8978850001312867e-02  -3.6213434953599344e-01   2.2398757760755245e-01   1.8092020985397972e-03   2.0730149576879425e-01  -3.7513747014962900e-01  -4.2796135498667030e-02
  -1.5599911675665845e-01   4.7833764537433841e-02   2.2306248327596680e-02   2.9999219712839220e-01   1.1299319420991240e-01  -4.7604546295649711e-02   2.8151293090778895e-01  -4.4065966624213920e-01   2.7172239212385801e-01  -4.8543595329721101e-01  -1.6107933523672602e-01   1.8223750829256931e-02   2.3606102510584104e-01  -1.8438928544583139e-01   2.6440325674490567e-01   3.1468414989321292e-01
   3.7844190976046782e-01   2.2195601065805498e-01  -3.0213016757919869e-01  -2.2305413242577324e-01  -1.5775356713025104e-01   2.4220903221822465e-02   3.0224702284976612e-01   3.0714917124813462e-01   1.4506038843162231e-01   3.0528201097593129e-02  -1.5845658080435912e-01   6.6574257049320767e-02   2.5755530705163732e-01   1.6840736019491792e-01  -2.0033505232337534e-01   5.1862292120290943e-01
   1.5270659685013507e-01  -1.1719876337196009e-01   4.7300833414342963e-01   6.4316064244631594e-03  -4.6766872323326791e-01  -5.4602843547652553e-02   5.3326826592268006e-01   3.5440730837100940e-03  -1.2458961436083205e-02   1.2849196282020708e-01   1.8091088568620928e-01   2.9250971611091503e-01   4.9978747275704720e-02   7.1106346947390459e-02   2.4462728908380482e-01  -1.7530315221183571e-01
   2.5668438118198406e-01   3.3510434473147466e-01  -2.0211268368755630e-01   1.1672223326761239e-02   7.3392950519914388e-02   8.9144498569414407e-02  -1.7563327326005601e-01  -4.0151921548302644e-01  -1.7653548992903068e-01   3.3719620588235333e-01  -1.5871659702586491e-01   5.7576236877734166e-01  -4.2877876534876694e-02  -1.5261913474774960e-01   2.1965109961612173e-01  -2.2302307454724488e-02
  -4.8905031703841223e-01   4.8715063960835869e-01  -1.2973394161055179e-02   1.2430825465822179e-01  -2.4046461412636701e-02  -2.1906056643398081e-01   1.6483353841458759e-01   1.6898161418479196e-01  -2.7272348148180614e-01   2.8040387055918015e-01  -2.5127737965925506e-01  -2.1372052705423331e-01   1.9398191970935072e-01   1.9980950809704828e-01   2.4759620781907571e-01  -5.4079803943512902e-02
  -9.9545424863405375e-03  -4.9052612605428494e-02   8.6848234294782459e-02  -4.8577321385588118e-01   4.5003337324160689e-02  -6.6787207380954139e-01  -2.0929320071630680e-01   3.5474445733977913e-02   2.4854126404697072e-02  -2.0679847770226620e-01  -1.0300529035255959e-01   2.1480325215510629e-01   3.4078602522879803e-01  -1.3441643844031612e-01   2.2656204038852892e-03  -1.6277019924703964e-01
   5.6187402772840775e-02   9.7157942828744737e-02   1.1398952148939065e-01   1.7161667188260682e-01   3.4063236767120275e-01  -2.8663419595840617e-01   3.6256509172194296e-01  -1.9090554960305525e-01  -2.3302439356299520e-01   2.1853215516086522e-01   2.5788105114514842e-01  -3.9486163578091427e-02   4.4313812436860056e-02  -2.6502792215823395e-01  -5.7765619938737334e-01   5.3486515679480554e-02
  -1.4921761275860376e-01   1.9042429866034660e-01   1.9263292613023175e-01  -3.7715725021052721e-01  -2.6554370927331100e-01   3.9968239137708816e-01  -3.8793203426835107e-02  -1.9335924177950051e-02  -1.0717288856295790e-01   2.9646263814718354e-02  -1.8345895448770806e-02  -2.1907466128897526e-01   1.6786232491652853e-01  -6.5825320515360342e-01  -4.6305540763292838e-02   7.5265764943015179e-02
  -2.6771708618840090e-01   1.1678405425809939e-01  -5.9510793053546462e-01  -1.1046611026674012e-01  -2.0584821795225466e-01  -1.1460785157034017e-01   1.5738442340377531e-01  -6.5731553957338498e-02   3.0087757685891320e-01   4.6439526576459861e-02   5.5921587844548493e-01   3.3985412488793200e-02  -6.9934307727681166e-02  -1.2723564392692127e-01   7.9912555445222300e-02  -1.7235662936285240e-01
  -3.6512772531099420e-02  -9.2488274458360775e-02   1.0524785759909687e-01  -2.8904509955157809e-01  -1.0913430509145175e-01  -1.9340491191912187e-01  -1.4959080292812613e-01  -3.7074626494579876e-01  -2.7074645363374311e-01   1.1071717344902300e-01   3.0278870081643405e-01  -2.1845386540424849e-01  -1.8898071320801876e-01   2.4018867424765558e-01   2.0539958695721128e-01   5.7077515258115552e-01
  -2.6980071935848143e-01  -6.9687707326027526e-02  -1.6895716682145852e-03   4.9123752573887944e-03   2.6972519500671394e-01   2.3843589146858710e-01   3.8457384536604465e-03   3.6584059968996685e-01  -4.0276677844169323e-01  -2.6502089376401433e-01   3.5942675076513314e-01   4.6147465694635170e-01   1.7533599305948611e-01   1.3850626271126435e-02   1.0278269640205566e-01   2.0679527761424507e-01
   1.8575208784591057e-01   4.2272276264550046e-01  -4.0360322607673416e-02   4.8128329476844346e-02  -3.1743577602212508e-01   3.6432159393030246e-02  -6.8812541675507655e-02  -1.8953562190196202e-01  -3.5972446348719078e-01  -5.6683811341305590e-01   1.0867642858558782e-01  -6.8651826238942712e-02  -2.7870076858195827e-02   2.3525502612241408e-01  -2.3910687451166751e-01  -2.4409035683744704e-01
   1.8309031600136563e-01  -3.1882000768527929e-01  -3.6795262168216436e-01   1.7147508994174818e-01  -1.7966710012593340e-01  -2.4535463687757186e-01   1.6208855988316667e-01   1.8376926419319176e-01  -4.6553969935555722e-01  -1.1746021722184415e-01  -2.1514743684881740e-01  -1.2518438682856275e-01  -2.4093095798345657e-01  -3.8598305118808701e-01   2.1675434234372165e-01   3.1923977860092108e-02
  -1.7207784361430536e-01  -3.7536614938488089e-02   6.8829463438816241e-02   4.9437852858378106e-01  -5.0444525032087795e-01  -1.8779023114395582e-01  -4.2793512311137810e-01   9.3243033707680945e-02   8.7001710281941314e-02   1.1171711786461888e-01   4.6149106077806167e-02   2.0418506618588816e-01   1.3416372160441609e-01  -1.1770750913870659e-01  -2.6309834039661839e-01   2.7080008755427881e-01
