  -4.2330930166175174e-01  -2.4245751047882170e-02  -3.9550716733992025e-01   1.2384363484965413e-01  -2.9412223406832849e-01   7.6318960330378161e-02   9.9819515794242406e-02   6.3679089152890711e-01  -3.1824252375141904e-01   1.9844611838541482e-01
  -6.2409141669054008e-02   1.4133719836315622e-01  -5.1015242781864989e-01   1.8315540560618168e-01  -3.6219950641237569e-01   1.8239604459520822e-01   3.9820803184197745e-01  -4.0860451495587446e-01   4.3644757507649234e-01  -4.3092013154117745e-02
   5.9953063712325519e-02  -1.1069833312253362e-01   3.9427469655177162e-02   3.9466042143072577e-01   4.8455066039776823e-01   7.3041741626518286e-01   1.0407771449611269e-01   1.7551735688284750e-01   8.1084934707594300e-02  -1.0162633150065553e-01
   9.2741473516181908e-02   2.5297909643784151e-02   1.1251755390296769e-02  -3.3484440706508251e-01  -4.8867815851627849e-01   5.2541084179660713e-01  -5.0074194158771135e-01   1.4095060900251921e-02  -2.9335752440360921e-02  -3.3443536213928909e-01
  -1.9839212456272148e-01   5.1418446124995765e-01   3.1150419165032484e-01  -1.4259509652629604e-01  -4.3266831495489572e-02   3.3586267588768903e-01   1.5627957191120595e-01  -2.8983416488250074e-01  -3.1086713696780865e-01   5.0906325875373193e-01
  -6.2614173984563315e-02   7.7334589206478010e-01  -4.4148181501073941e-02  -1.2139031793240879e-01   2.2313961686715461e-01  -1.1840357027309163e-01  -1.3803624598400122e-02   3.5000973941814478e-01   2.8130133993112438e-01  -3.4013589867799116e-01
   6.4704558611709229e-01   1.5615411309804081e-01  -4.4992095313018243e-01  -3.9957207422251222e-02   1.1175460590736649e-01   2.4536069929643859e-02  -2.7328409201430914e-01   1.0546526300759414e-01   1.3134044177208141e-02   5.0383700690153499e-01
   2.5266717871300776e-02  -2.6198784178964901e-01   1.0718262473412171e-01  -6.7326006176925457e-01   4.7880822990493621e-02   1.4603089459329618e-01   3.9080160253358670e-01   2.8245034926850165e-01   4.0414052182812965e-01   2.1565131297949625e-01
  -5.1617713807542231e-01  -7.4352421071304436e-02  -4.1844510750757291e-03   7.8983087219421488e-02   1.3286288787009407e-01  -8.9330504257626869e-03  -5.6126454221337874e-01  -7.1506623982003387e-02   5.0659347233910590e-01   3.5675855380440596e-01
   2.7512502269825079e-01   7.4446537595424231e-02   5.1838117396745398e-01   4.3249998637168130e-01  -4.7393082241007856e-01  -5.0109497583936013e-02   5.3384889600657626e-02   3.0661004210138665e-01   3.2387038436423499e-01   1.8470403024359289e-01
