  -3.0625951779607563e-01  -5.7148267906736466e-02  -1.4395494699656960e-01  -5.3588274389655299e-01  -2.0070553471588154e-01  -4.8553086684479094e-02   8.8685948743632462e-02   4.8658247135815058e-01   1.0209633013730945e-01  -3.8081184913353305e-01  -2.9690104372224052e-02   2.0240316890479115e-01   1.1940719435120206e-02   1.5283546206426493e-01   1.9061768045341848e-01  -1.6477716893900107e-01   6.6445893665874389e-02  -4.1720329288825950e-02  -1.2197111827908923e-01  -4.9675820882096801e-02
  -5.2781138394560667e-02   7.3273973187541822e-02   1.3315400948352035e-01  -1.3219730433251359e-01  -3.3544784927613508e-02   2.7817487807385227e-01  -6.1881978980323653e-02   2.1283649689869559e-02   1.7621798745087242e-01  -1.1675976017687510e-01  -3.0073098854009356e-01  -3.0304737464786013e-01  -4.1034388400660421e-01  -3.8721370990781578e-01  -6.1954653337050344e-02  -5.9881693367070853e-02   2.2775630568005056e-01  -2.2531614313894006e-02  -3.1666593467321702e-02   5.1745866767554849e-01
  -2.6035265431926724e-01  -2.2810626776318277e-01   1.2815482035507642e-01   6.4558666423467567e-02   4.2094031353222594e-02  -3.4013461200677921e-02  -1.4217900871743738e-01   1.1366812919734642e-01  -1.1713398620363873e-02  -1.7459945930853305e-02   3.4714332485077604e-02  -5.6729467362940134e-01  -1.8243050333295721e-01  -1.1776135444791905e-01  -9.1892468399852073e-02  -1.4327649748628454e-01  -2.7288082833229160e-01  -6.0827414496434765e-02  -3.3023754702554875e-01  -4.8653495303549749e-01
   2.5061810064786538e-01   1.5193348254674266e-01   1.9527621730835021e-01   2.0158982849141502e-01  -2.8059039749574005e-01   4.5484911054084692e-01   4.6795928517334100e-02   2.2016982803070376e-01  -1.8346577181014467e-01  -2.3348529006982272e-01   2.1512537711945337e-01  -9.2779999709220740e-02   3.5084770942180571e-02  -3.3818152194254311e-02   3.9896082020363455e-01   1.6282922464905078e-02  -3.7591925666527021e-01  -1.7285264689891347e-01   1.4659659042641288e-01   3.8687697842975023e-02
   3.4074183535476943e-01  -7.3149394307959359e-02  -9.2052635280317180e-02  -6.2073926170357049e-02  -4.5984390437104861e-01  -2.7686876933907090e-01   1.7902459186765776e-01  -1.1680966522173489e-01  -3.2080852327891790e-02   2.1017216106781822e-01   1.3244909663478927e-01  -1.5346092734591382e-01  -2.3332861076609915e-01   9.5347855054141603e-02   1.5325075511047381e-01   3.0446084747982122e-02   3.1323127184209959e-01  -4.4199268528205449e-01  -2.5350652764804998e-01  -2.0799053634846604e-02
  -2.3402718809967028e-03  -5.0554104239632969e-01   8.0188414952080622e-02   1.3655419918307388e-01   3.3695727709324247e-01   1.1898808603290652e-01   1.8259774034834156e-01   2.1534252482572813e-01   6.5255178776303380e-02   7.2177505091016725e-02   4.0838252693174544e-02   3.3697850840059185e-01  -1.8185111632261691e-01  -3.0425937208266923e-01   2.2968401724754642e-01   3.9105674786343325e-01   1.1029825521994666e-01  -1.6031971840003412e-01  -1.0046812191143217e-01  -8.9202276968250158e-02
  -1.9424280088830709e-02   1.9587383920484664e-02  -7.1296087161876714e-02  -8.0561124447942611e-02   3.0319675174222099e-02   4.1976203388393196e-01   5.5982312176255267e-01  -9.9126128966565863e-02   1.8031692881856490e-01  -9.2250470170774118e-02   3.9264181199149517e-01  -4.0300706744713574e-02  -7.4705815950010690e-02   1.3978728411213592e-01  -5.0642481639838244e-01   1.8015847791818557e-02   3.6282545701907580e-02  -6.7480229777920273e-03  -4.8662438687649232e-02  -6.9715532123337795e-02
  -1.3321899052994371e-01   3.2307073144150211e-01   1.0172673781554828e-02   3.7733879181265684e-01   4.2035118153871959e-01   1.5428882306201451e-02  -2.0192262300492425e-02   2.2387599302108147e-01  -1.5508015267174047e-01   1.8445335651017525e-03   1.8410843073087735e-01   2.8195435868764926e-02  -2.1272511320561521e-01   3.0910375963258757e-01   1.4989231240931886e-01  -3.3223658543184886e-01   3.2982604518842379e-01  -1.0869191897724439e-01  -2.1306556243139349e-01   9.7685207828906426e-02
   1.6969161824409296e-01  -1.5311865002789460e-01  -4.1967039380144949e-01  -2.5808521883191793e-01   3.8062344292780853e-01  -1.5670968917901287e-02   7.8802268310636386e-02   1.4180072145397898e-01  -4.0279691837013343e-01  -4.3695967174613534e-02  -2.6582165519963032e-02  -4.4123674992785594e-01   3.4405698212935591e-02   9.4633383577851088e-02   1.9048966437806888e-02   1.2907289835559832e-01   2.6232903125447793e-02  -1.2646309664240277e-01   3.4921053973887939e-01   9.0824142002217001e-02
   1.9570785937464863e-02  -4.1361757021298282e-02   3.0337683735772097e-01  -2.9570567545542681e-01  -1.1541717963450202e-01   1.4354594105847573e-01  -3.8224076507430899e-01   1.0365287338366483e-01  -4.7649658198651446e-01   1.7967919844905772e-01   1.9110597908503990e-01   2.2384975152133540e-01  -3.6392910496548830e-01   1.4630576200195913e-01  -2.9706593751463145e-01   1.3997601176679775e-01   6.6606643145986855e-02   8.9250504271507283e-02   6.7412555027982476e-02  -5.5197520076266084e-02
  -9.2397223042105042e-02  -8.0893728000250062e-02   1.5512952245872347e-01   2.6014915676658174e-01  -8.4267907438106526e-02   6.3342515756040996e-02   2.3992637545675578e-02  -4.5965843551365772e-03  -1.5528323108944375e-01  -3.1826109423235355e-01  -5.4751586727477142e-01   5.2960708320164057e-02   1.1673065901571147e-01   3.3463590302383017e-01  -3.1589458125744962e-01   2.1315880652318978e-01   4.8261576358961562e-02  -4.2292720196963501e-01  -2.8302993444974712e-02  -2.5566642266846181e-02
   2.1557990537987215e-01   2.3010597622558998e-01  -5.5433998347875810e-02  -1.2368018380876146e-01   4.1209498781673931e-02   1.9854544148534037e-01   6.9160185299292257e-02   2.8713785489526394e-01  -9.3072719454168895e-02   3.1207801166223320e-01  -2.3108955024713779e-01  -8.7089228163847177e-02   2.8683696232485467e-01   4.7906711310741285e-02  -2.5102301416873196e-02   2.8128357371291318e-01  -5.5896910837956233e-02   2.2949874792921096e-01  -6.0126968522017277e-01   7.1933712535429420e-02
   3.8937061157387698e-01   4.9557070265383467e-02   3.9750747368022310e-01  -1.8167890220299179e-01   2.8760346451733471e-01  -3.9646228502800546e-01   1.4263706443382324e-01   1.9318296226812975e-01   5.2342779953047272e-02  -8.2687650409498520e-02   4.3237062962476237e-02   1.0021258400319351e-01   4.1938688555981707e-02  -1.2893488707117731e-01  -2.6126300055647711e-01  -2.4375159568168028e-01  -3.1833671173820488e-01  -2.3290343109677936e-01  -5.7039390735503542e-02   1.7598604069043480e-01
  -1.2233132620261410e-01   3.9663595190209996e-02  -1.1121205260674299e-01   2.1818326443253197e-01  -1.0122719182188489e-01  -4.0685541012378118e-01   1.1701405240267765e-01   4.9716696433899789e-02  -4.9661354985608044e-02  -2.7799277255971266e-01   1.5728177622854567e-01  -6.1255311504923270e-02  -3.4472190232779759e-01   1.4244482545955542e-01  -2.7450715730921532e-02   4.3751525856401846e-01  -2.8913051562040643e-01   3.0870213095720639e-01  -1.2057620036260869e-01   3.1397856045024086e-01
  -4.8318603940736859e-01   9.9147034506527898e-02  -2.1299785396503226e-01  -5.2839104931187361e-03  -8.3513507788010935e-02  -1.6239095874142712e-02   1.0280499023507640e-01  -1.1887448517292329e-01  -3.9328919632618209e-01   2.0930034503036266e-01   1.1231645195139876e-01   1.6295034075106477e-01   1.4641409947305900e-01  -3.6053549015196146e-01  -9.0745402369137126e-02  -7.6633105186990222e-02  -2.4026993772840721e-01  -3.6083423151492117e-01  -1.4304214636040338e-01   2.6037229558855401e-01
   2.0492184262841662e-01  -1.7940465454734267e-01  -2.8925492457998157e-02   1.7840204935655318e-01  -1.3211014985900188e-01  -6.7621876279066295e-02   4.4685846199583192e-02  -2.2924583741667365e-03  -4.0860074828107190e-01  -4.3589834721249393e-01   9.2820657951360769e-02   2.4279290120153247e-02   2.2535842888124394e-01  -3.7144285805307531e-01  -1.4542894422913133e-01  -1.8670219891621787e-01   3.5663571203568917e-01   3.0731447171121040e-01  -1.8412969470624202e-01  -5.1609850008144983e-02
   2.2850111847906439e-02  -5.7748195472636699e-01   1.9554104604320249e-02  -1.8042386693614323e-02   3.2039655397321461e-02   1.5901158107622385e-01  -2.5054504738751771e-01  -1.9206274776987486e-01   7.5074169066471061e-02  -1.3824483859469725e-02   1.8811739176708037e-01  -4.1991991904825846e-02   2.0524242514889185e-01   3.4395539649123719e-01   6.0135220454746736e-02  -1.8860998965788611e-01  -1.1466506706835927e-01   5.7959666047693167e-03  -2.5862295363112114e-01   4.6545296205473896e-01
   2.6871444076474466e-01   8.2230698208768757e-02  -5.5670276482707082e-01   1.4231661366888401e-01  -5.5323548541128253e-03   9.0980485377835679e-02  -4.9154697239949585e-01   1.6883825027550459e-01   2.5341755251534881e-01  -1.3777432541368562e-01   9.7818131287468704e-02   1.8074460114368585e-01  -1.0865163229398810e-01  -1.3811021477675611e-01  -2.8566475247049994e-01   1.8363939609099565e-02  -1.1696471023259286e-01  -2.1958878979398494e-01  -9.3293012146554916e-02  -5.9681320527226044e-02
   1.1729080329094184e-01   1.8373859479692534e-01  -4.7485524522721742e-02  -3.0192604417765362e-01   2.8133431747961007e-01   1.0442849689915203e-01  -2.9087643709023711e-02  -5.8924811946426925e-01  -1.3296566794026707e-01  -3.4543552501004288e-01  -9.2789066495052822e-02   1.4792437082602938e-01  -2.0147141800724608e-01   8.1951204347344153e-03   2.5356450560046356e-01   4.9294767645821407e-02  -1.3911038239903839e-01  -5.0688982404795274e-02  -3.0674025058708548e-01  -1.7339134870058934e-01
  -1.6086700677126173e-01   2.1416511924812726e-01   2.4992180515100765e-01  -1.3395127823602965e-01   1.0434108691742691e-01  -9.3074648777555696e-02  -2.7781661601561880e-01  -3.9619602069222992e-02   1.6257921206762441e-01  -1.9831088076622902e-01   4.0263283678860179e-01  -2.1166338499253418e-01   3.7650090734862052e-01  -8.9389554580739564e-02   9.7935586766929681e-03   4.3953995329815915e-01   2.8449856104474963e-01  -2.2528184342899152e-01  -2.8175275141815073e-02   3.6821525151487955e-02
