  -1.9692109625419624e-01   3.8328196635201972e-01  -3.2912592308471794e-02  -1.7926117279274428e-01   1.2319098950922480e-01   2.1340668452009362e-01   6.1152053112858751e-01   5.8857745151343288e-01
  -4.7967081669546519e-01   6.6849895745145382e-01  -1.5120017628139684e-01  -9.4214083596974890e-02   1.8153187787028757e-01   5.7242175658663054e-02  -4.5518016053152027e-01  -2.1878710369382218e-01
  -7.2890128837733558e-03  -4.0293455419272312e-01  -1.2336395398272037e-03  -5.3323298768459237e-01   6.1971150386152629e-01   2.1359745163779659e-01  -2.9280857008217909e-01   1.9454715682604420e-01
   5.6906983995509608e-01   3.9494850081821176e-01   4.3838746648979621e-01  -7.1566316551188128e-02   3.7975771785852885e-01   8.1627819307094215e-02   1.8875507757526133e-01  -3.6927277999658448e-01
  -2.0821084583136446e-01  -8.9484805723927495e-03   1.5249048608780300e-01  -3.8224911708397757e-01   7.8280462634219672e-02  -8.5728454831114775e-01   1.9807665946515632e-01  -8.3074917314102881e-02
   5.7922018366561356e-01   2.8659785973170998e-01  -3.2328165601794490e-01  -3.3521207724699198e-01  -2.9966175270449835e-01  -1.9031571127944194e-01  -3.2988263612882762e-01   3.6145219624255165e-01
   1.6679548619585394e-01   1.4089417937050694e-02  -5.7422964191349846e-01   4.8544789559855506e-01   5.5653468690734575e-01  -2.9158089005819965e-01   9.5089695204859964e-02   5.2811833724488277e-02
  -2.3997193640997113e-02   7.3800980274350225e-02   5.7128461925826524e-01   4.1879445791029080e-01   1.3400011393227490e-01  -2.0668252445982779e-01  -3.7468567715405765e-01   5.3959205212376893e-01
