  -5.4930883492311811e-01   2.0994559925237348e-02  -2.3689040103829359e-01  -1.2649980306436182e-01   1.4245079572395580e-02   8.1680029085592215e-02  -1.1293768924709595e-01  -2.2668624500611162e-01   1.0177066597332807e-01  -9.2275325391153684e-02   6.4007972551771430e-02   1.0278871206442650e-01   3.8576840371377574e-01  -2.6060261125038670e-01  -1.4065247934205979e-02   2.4035307930904443e-01  -1.5789607673669179e-01  -3.6606242249190823e-01  -2.6853092448759969e-01   1.2413282977952547e-01
   8.9454097379198377e-03  -4.1049157780771878e-01   4.2215289677433557e-02  -5.1549250663338952e-01  -4.5654961348329087e-01  -3.3431860549431791e-01  -2.7005373433927532e-02  -1.5226324200711042e-01  -2.6807744662562116e-01   9.8023591823587802e-02  -5.4912316863183902e-02   2.6191034505675942e-01  -1.8441210395701438e-01   7.1452199272379655e-02   3.9784974609072363e-02  -5.1132997966047714e-02  -2.8591959488510607e-02  -1.1817219546865251e-01  -9.1127730158761203e-02  -1.7276906081161114e-02
  -6.6295809189553856e-02   2.6580992634589662e-01   9.9515251867351454e-02  -1.5879911458947268e-01   9.9628297451638162e-02  -1.1036778912256839e-01   2.1926429278587475e-01   2.8366414737295929e-02  -2.7489952961352571e-01  -3.7490618095636907e-01   1.8557667736107991e-01  -6.0248310086312526e-02  -2.1255266760391264e-01   1.2943223039045709e-01   2.2790828703358840e-01   3.6038442361523210e-01  -5.4311979163980717e-01   9.1819981692653818e-02   1.2995493245866055e-01   2.4483792701599491e-02
   7.2996623911661743e-02   1.9983498784204631e-01   4.7452557773703913e-02   1.3280284993177771e-01  -3.2602001720855631e-02   2.6293046518898316e-01  -2.8293775751728029e-01  -4.0500258278308043e-01  -3.7082471214364099e-01   1.2920752562864635e-01  -1.8768382469948844e-01  -3.1234534720690188e-01  -2.7808422258056675e-01   2.0191564904032587e-02  -1.5849879302299508e-01  -9.5416867750244189e-02  -1.8748587518766638e-01  -2.7070675181630000e-01  -1.9264136899362350e-01  -2.7581511872379938e-01
  -3.6565447190379646e-01   1.2328940926996233e-01  -2.1338130432879987e-01   1.5385983367906222e-01  -1.0196671261684848e-01  -6.9752985046695026e-02  -4.4152625900806937e-02   4.1986731051926246e-01  -2.3496192354623860e-01   1.8669986823665313e-01  -8.8227205995777450e-02   1.3589109074892533e-01  -7.9704523986128928e-02   8.9880466024611916e-02   4.1840582280973468e-02   1.3838823262704975e-01   1.6153789271752719e-01  -2.8357732764603216e-01   4.1782544036273794e-01  -3.9453147605329802e-01
  -4.3044800807393513e-01  -8.7936679197573767e-02   2.2905028829110105e-01   6.0514509749209196e-02  -1.9029973966826783e-01  -9.8391241464487827e-02   2.6214003709523137e-01  -3.5063486757651435e-01   1.4561128907363380e-01   6.2881917425015796e-02   2.1624506328723930e-01  -3.9952311125863349e-01  -1.1868072415693361e-01  -1.3392651653268531e-01   1.2765108647971637e-01   6.3701235023517933e-02   2.6887429040047328e-01   2.6900386099251578e-01   7.6125341194793222e-02  -2.8095470554378299e-01
   1.5872843428487099e-01   2.4905844333890365e-01  -2.6846876278128562e-01  -6.1715728077664588e-02   1.0403869650653431e-01  -8.6560680723709899e-02   1.3289607322287980e-01  -5.1924742172390159e-01   6.8464685901757250e-02   1.7760343813524540e-01  -4.1482163251921660e-02   1.5181144418817982e-01  -1.8399863060224045e-01  -1.1372803112106036e-01   2.1320127557302039e-02   8.7632885338166211e-02   1.7024878262094106e-01  -1.4296151278266775e-01   5.0649967147458408e-01   3.3076992822207935e-01
  -1.5419067832424510e-01   4.5963326072066213e-01   2.3744482521144272e-01  -3.3467722863031089e-02  -5.9366723693144252e-01   1.9967104232717273e-01  -8.2171350244482563e-02   1.2602167832409326e-02   5.7434084342227992e-02   5.4621738272661521e-02  -1.7790216506972178e-01   1.5631510412630240e-01   1.9152335151562364e-01   3.2197586211398066e-02  -1.7426565933518032e-01  -1.0866667348722199e-01  -1.4633486677877267e-01   2.9149133408742744e-01   1.6065242441156652e-01   1.8382374817152389e-01
   1.1754129693834056e-01   1.7066324913469624e-01  -7.0463207258785335e-03   9.4673825767496292e-02  -3.1667110724408715e-01  -3.3387673375618815e-01  -5.6831501446974290e-02   1.7765604403546148e-01   3.1183582006012719e-02  -9.7581190462038073e-02  -3.7035054316103079e-02  -5.3678991183729574e-01   9.1326031012077397e-02   6.9901595344556547e-02   2.8954389122861091e-01  -5.2136425964797298e-02   1.3781299888416534e-01  -3.8815004620629506e-01  -6.3866507501755557e-02   3.5773969877591216e-01
  -4.0022169500067956e-02  -1.6410553612225523e-01  -2.6330946124163901e-01   2.6570292076536585e-02  -5.9701497166548517e-02   7.4226913168232947e-02  -3.0775555257059761e-01  -1.9412757956781765e-01  -4.4313034658623573e-02  -5.9825641203215141e-01  -3.4118040480001277e-02  -1.1770519571055436e-02   1.4371498615919748e-01   3.8478943947469653e-02   2.3938614838475852e-01  -4.1421629102544621e-01   4.0851633724307244e-03   1.1526451244440612e-01   3.3339570540574592e-01  -1.5267317099671968e-01
   1.6156845707092338e-01  -1.5289483082595624e-03   9.1203480736791465e-02   4.2444688614612464e-01  -2.0754342178494781e-01  -1.1203356711573846e-01  -2.1676334742555892e-01   1.8313395896955114e-02  -2.7401258613691171e-01  -7.3379805670875695e-02   5.2941613787683961e-01   2.5270739887261529e-01  -7.8873310276137892e-02  -4.8684715163482073e-01  -3.0786698536044262e-02   5.8717457927678435e-02   5.1190953998888074e-02   1.2422898155534524e-02  -3.2939105969098575e-02   7.9787437555606980e-02
  -2.3403245144186352e-01   2.4816237541613807e-02  -1.3959875829620857e-01   1.6405800945429580e-02   2.2325260403795143e-02   1.7504007599481702e-01   5.6973030635042876e-01   1.1923640718617484e-01  -3.6514848377595360e-01  -1.6505063650237378e-01  -3.5578991202695337e-03  -2.1170045888876943e-03  -1.5005190974824772e-01  -1.2067436408675977e-01  -1.9524850131911581e-01  -4.6460401586975053e-01   1.2106564447334466e-01  -7.3801779364232711e-02  -1.2836128832204841e-01   2.5822351976752961e-01
  -3.2188237598924113e-01  -3.5115720704429354e-01  -8.9956521050546280e-03   3.4166383885324092e-01  -3.6388353595520624e-02   1.4836152655105703e-01  -2.1385044163430958e-01  -3.4701095607104229e-02   8.4009080572284234e-02   5.2356537824524194e-02   1.1254927584212961e-01   1.6531413133828138e-02  -3.3781513510665612e-01   4.7080371226242618e-01  -7.1855063397646718e-02   7.8999814330029727e-02  -9.7209397194445879e-02   2.1949828577242259e-02   5.5239143825662411e-02   4.5065764468215563e-01
  -2.4620860034859457e-02  -1.2608620750598623e-01  -1.0059617559840681e-02  -4.7181277830545754e-01   7.3337712600054020e-02   2.0697985080605577e-01  -2.9693559179652257e-01   2.5527276211138322e-01  -7.0544294116667239e-02  -8.9609346290120753e-04   1.7056823683412070e-01  -4.1283915052860609e-01  -9.4079615507877884e-02  -2.8267012098772704e-01  -3.5786467390676374e-01   9.9007024346236164e-02   5.8961238620854214e-02   6.4989894143575921e-02   3.0437332179546855e-01   1.6661474200317739e-01
   1.2022223345830516e-02  -2.1932734658179953e-01  -1.2354205679013577e-01   1.2807407986488542e-01  -1.5263760946961577e-01   1.1884459498180326e-01   9.7064464419996513e-02   1.6432133880871158e-01   3.1284029639507183e-01   1.0797055498623137e-01  -3.3668659692870417e-01  -4.3805429962329744e-02  -3.2569416396493100e-01  -5.0750961661426708e-01   2.6373958103947570e-01  -5.9035862144220574e-02  -4.2531044712897154e-01  -9.8803479880566689e-03   6.1347374116307314e-02  -1.1023007830362336e-04
  -5.8380172102978703e-03  -7.4944325259597933e-02   7.4417893453860143e-02   1.7882982803391989e-01  -3.3930358015304841e-02  -2.3592098840273928e-01   6.9098973308595463e-03  -3.3918531162486380e-02  -5.1476330279656146e-03  -4.7686813676472023e-01  -5.2148678013435901e-01   2.3165920603570360e-02  -1.2789862638425037e-01  -1.2385361924319255e-01  -4.0321441961516213e-01   3.8472815665164484e-01   2.2524367952666899e-01   5.8144420684268096e-02  -4.6640907487262122e-02   1.7939812523291965e-02
  -9.8030038538196168e-03   7.2909199080801144e-03  -6.0740902000483377e-01   1.2538784638612913e-01  -4.9626539823140553e-02  -3.6901659249854607e-01  -1.9888930761057549e-02  -2.3313416785617526e-02  -1.8003833127569235e-01   2.4134070807789687e-01  -1.8313293723217300e-02  -2.1703900990913050e-01   1.5131020856264735e-01   2.6152412119094422e-02  -1.9619982894525984e-01   1.1004662549787634e-02  -2.2014170453445003e-01   4.6283621661637875e-01  -1.1171793521211738e-01   1.2349473478485052e-02
   1.7266479825270506e-01   1.8140010208404567e-01  -4.1050100531371309e-01  -1.1021482882930490e-01  -3.2806920005560231e-01   1.6161480801879985e-01   9.5735985527899387e-02   5.2811333632987893e-02   4.1397568596361245e-01  -2.2468630674395662e-01   3.1653031526808439e-01   3.3913573851880048e-02  -3.1723275883048868e-01   1.6357340079185220e-01  -2.1030287684035823e-01   8.0435519200619726e-02   7.5949788065822588e-02  -1.0314806797506844e-01  -1.9834230869388961e-01  -2.3212136772982234e-01
   2.9436753436231344e-01  -3.3807658172373328e-01  -1.0813804255347333e-01   1.2477927413770352e-01  -2.8575287692296458e-01   4.5349436571736745e-01   3.1836318229696553e-01  -7.0905737046626963e-02  -2.3134352426618965e-01   1.8530882251501277e-02  -1.3971511444925644e-02  -1.2214407203864067e-01   3.6455232105478691e-01   8.1410158030852151e-02   6.2088935619457136e-02   3.7851532824832634e-01   1.5521756788428268e-02  -4.5241117936290487e-02   1.4181819181172026e-01  -7.8173874236276281e-03
  -5.7010100490406029e-02   1.6547216061448200e-01  -1.9019416041955653e-01  -1.4795432061753377e-01   1.3353289821706010e-02   2.7491859347286779e-01  -1.9873219201989586e-01   7.0050374334717849e-02  -2.0422833844068725e-01   1.8848047408610173e-02  -1.5712678610119679e-01   7.4793154175648219e-02  -2.1006005759506344e-01  -5.7909455308536001e-02   4.9002873202388625e-01   2.1663386468099591e-01   4.0003360427585410e-01   3.2787389496170999e-01  -3.1065101998661193e-01   1.4222436617182269e-01
